[-0.22097643 -0.04175262 -0.05766049  0.25599554]
[ 0.07483704  0.27939621 -0.07026213 -0.04093418]
[-0.1385698   0.29918486 -0.05405955 -0.07365666]
[ 0.17834513 -0.10125928 -0.19401681  0.23755355]
[-0.21070282  0.20819852 -0.06543026 -0.08292969]
[ 0.05473097  0.00741241 -0.25063953  0.20630477]
[ 0.06882503 -0.17080784 -0.08179439  0.11542301]
[-0.25077903 -0.08664279  0.18953398  0.02914575]
[-0.21001533 -0.22339344  0.02857994 -0.04530638]
[ 0.14451377  0.27224883 -0.20598145 -0.17309532]
[-0.09322334  0.07373075 -0.21238494 -0.2055729 ]
[ 0.1151417   0.23244776  0.00366738 -0.23357473]
[ 0.03577112 -0.10781403  0.03286782  0.2382089 ]
[-0.2155434   0.1881393  -0.04913352  0.19530064]
[ 0.032486   -0.24771158 -0.14705242  0.16190562]
[-0.28563547  0.21905693  0.1653873  -0.20440604]
[ 0.02777586  0.25595915 -0.45959491 -0.02116194]
[ 0.26563904  0.26458967  0.05991459  0.01378803]
[ 0.15595745 -0.06835389 -0.30521894  0.07895532]
[-0.17295228  0.26082674 -0.12011268 -0.14287306]
[ 0.19284715  0.11804444 -0.16053632 -0.21445072]
[ 0.23999046 -0.21191587 -0.09404064 -0.11362591]
[ 0.16183409  0.04198574  0.28212082 -0.00259731]
[ 0.13411248 -0.00147008  0.24932295 -0.25857994]
[ 0.08405244 -0.02943059 -0.06068188 -0.14751789]
[ 0.09014728 -0.11338823 -0.20699002  0.16015415]
[ 0.23327175  0.17133789 -0.25596243 -0.00933728]
[-0.26112697 -0.00799962  0.13029097  0.05604681]
[-0.01459531 -0.02771922  0.31669307  0.00839392]
[ 0.25585839 -0.21394141  0.08864029 -0.19154565]
[-0.30367231  0.00641414 -0.03647044 -0.11165893]
[ 0.11398537 -0.14842811  0.12117573 -0.04196024]
[-0.20218086 -0.20473471  0.07779364  0.09803452]
[-0.21785466 -0.201548    0.03120618  0.17025444]
[ 0.1061073   0.1736937  -0.05386982  0.08105274]
[ 0.02294155 -0.23636006  0.09440008 -0.20509322]
[ 0.20588425  0.07400318 -0.25258753 -0.10009849]
[ 0.20669726 -0.26461846  0.14861916  0.24266563]
[-0.2466505  -0.11991014  0.12711707  0.19188263]
[-0.07870747 -0.02810107 -0.02487362  0.17905024]
[-0.2295934   0.13223782 -0.09043027  0.23368126]
[-0.01437317 -0.16789587  0.18696614 -0.07948325]
[-0.03909276  0.10196519 -0.24796893 -0.18597385]
[-0.13349108 -0.07964515  0.01028795  0.21756229]
[ 0.22924981  0.22891052 -0.0578733   0.24557212]
[-0.14436856 -0.23856445 -0.08541273  0.12602201]
[ 0.2931487  -0.01502415  0.05931028 -0.11305105]
[ 0.18344334 -0.08509987  0.14753665 -0.2416137 ]
[-0.19919899 -0.0277213  -0.25558379 -0.10177731]
[ 0.0215425   0.08597982 -0.35283712 -0.12892275]
[ 0.12359279 -0.11045592 -0.20599276 -0.06720491]
[-0.15946989  0.07804558 -0.00953533  0.18796551]
[ 0.17448373  0.10432613 -0.23240227 -0.22252755]
[ 0.06966086  0.13362761 -0.16025899 -0.19431685]
[-0.21059121 -0.0218501   0.05791548 -0.16009291]
[-0.33646891  0.16671018  0.0917915   0.18985739]
[ 0.16463128  0.17070864  0.16383483 -0.2267949 ]
[-0.06844349  0.19985008 -0.27957752 -0.13873926]
[ 0.21822643 -0.22669001 -0.01615386 -0.07753397]
[ 0.02721697 -0.19268312  0.15323916  0.10926467]
[ 0.06868049  0.12930584 -0.18349449 -0.18653801]
[-0.00842023  0.19076923  0.15086818  0.14164056]
[ 0.02471999 -0.13203439 -0.26946127 -0.1126008 ]
[-0.08965515 -0.23885778  0.20803005 -0.10623867]
[ 0.13786773 -0.24751383  0.12101499  0.22820877]
[-0.02586461 -0.15315948 -0.20148754  0.12204029]
[-0.01438416 -0.26744869 -0.13285446  0.18993427]
[ 0.1053171   0.05857139 -0.3150045  -0.01382824]
[ 0.2116285  -0.1424804  -0.24084798  0.20969847]
[ 0.02632176 -0.09149873  0.04575387  0.2035419 ]
[-0.17298406  0.03197844  0.15525889 -0.21736532]
[ 0.00224429  0.23011516 -0.21836936 -0.26793134]
[-0.17928146  0.07419191  0.14851472 -0.17277391]
[-0.09419355 -0.2316483  -0.11816568  0.21147849]
[ 0.1652144  -0.07997453 -0.11998066 -0.08063453]
[-0.267046    0.0260602  -0.08452483  0.24229032]
[-0.01211685 -0.17089216 -0.12777127 -0.1360109 ]
[-0.17996322 -0.25407848 -0.10613272  0.08682483]
[ 0.18337637 -0.30930555  0.25713289  0.05430651]
[ 0.1100239  -0.02904701 -0.05123791  0.16378799]
[ 0.18456072 -0.00807059 -0.32945773  0.03656602]
[ 0.25506657  0.03508307 -0.28292999  0.11446729]
[ 0.09361462  0.10315504 -0.12435941  0.24160329]
[ 0.11460701  0.01394196 -0.15214382 -0.25726819]
[-0.27443302  0.16421239 -0.23439288 -0.02572211]
[ 0.1089025  -0.14569771 -0.17776033  0.15140101]
[-0.25537625  0.22924614 -0.06958667  0.16398472]
[-0.21175714 -0.02627769 -0.02318188  0.19931169]
[-0.18408449 -0.04604629 -0.27502459  0.1493981 ]
[-0.01233434  0.11682697  0.12295255  0.19779986]
[-0.17653783 -0.19750471  0.2743957  -0.14947008]
[-0.24824154  0.03937118 -0.18611337 -0.07912387]
[-0.24143383  0.04453024  0.15825328  0.13901201]
[-0.13434333 -0.05503391  0.27381381 -0.11942409]
[ 0.15456317 -0.21864252 -0.22815712 -0.16334377]
[ 0.34727302  0.0052574  -0.01653856 -0.00438642]
[-0.00564385  0.06068408 -0.05709172 -0.21781777]
[-0.21970996  0.24894911  0.12663114  0.0471666 ]
[-0.2183695   0.13670821  0.14079347 -0.02096297]
[  2.42806898e-04   2.46099874e-01   1.55670807e-01   2.01183528e-01]
[-0.262941   -0.08101266  0.3275305   0.0241589 ]
[-0.23253734  0.09903828  0.01963539 -0.10737291]
[ 0.16491264  0.24800384 -0.24345565  0.17923726]
[-0.07090682 -0.31070942  0.14269705  0.20757708]
[-0.20031783 -0.2437395   0.00072765  0.03876584]
[ 0.04575919  0.25488377 -0.16406426 -0.2003911 ]
[-0.19660556  0.23911953  0.10570045 -0.24954084]
[ 0.00393495 -0.29811764  0.11300483 -0.02419803]
[ 0.22621486 -0.06472558 -0.25450972 -0.11598489]
[ 0.24129488 -0.17066537  0.10641841 -0.1484326 ]
[-0.24866605  0.09344167 -0.12225089  0.046441  ]
[ 0.04971183  0.01546428 -0.30393684 -0.04564674]
[ 0.14146808 -0.28567052  0.19221    -0.17226087]
[ 0.11120025  0.04539605  0.22520284 -0.21168222]
[ 0.24385135 -0.35806635  0.18900329  0.23726259]
[ 0.02205493  0.12598394  0.27780691 -0.10782006]
[ 0.29574358 -0.01751115 -0.18881522 -0.01276564]
[-0.20124243  0.0785115   0.15602684  0.15216781]
[ 0.19184121  0.18689649 -0.19809937  0.18104726]
[ 0.20880093  0.03116899 -0.16646621  0.19214262]
[ 0.02633619  0.04238543 -0.02920762 -0.08546661]
[-0.1037285   0.05398336  0.12241968 -0.17318857]
[-0.10871078 -0.05018412 -0.08333643  0.10313601]
[ 0.21089372 -0.06751996 -0.12133007  0.00602092]
[-0.08045637  0.00328464 -0.19406432 -0.2050148 ]
[-0.22985826  0.21013106  0.18820933  0.07292816]
[ 0.30982932 -0.05839331 -0.22370616 -0.09625598]
[-0.129162   -0.04178811  0.2372036  -0.02880967]
