[[[ -6.08775541e-02   7.19343172e-03]
  [ -4.27262150e-02   3.75618935e-02]
  [ -6.74660653e-02  -1.02218715e-02]
  [ -2.37790216e-02  -1.78704076e-02]
  [  2.53408104e-02   3.72296982e-02]
  [  4.05396558e-02  -6.41189665e-02]
  [ -3.40830348e-02   4.04759869e-02]
  [  1.06534706e-02  -7.86268786e-02]
  [ -1.20586541e-03  -8.36658701e-02]
  [  4.74816225e-02   4.22171764e-02]
  [ -4.92169335e-02   7.75151625e-02]
  [  3.99364717e-02   2.21470706e-02]
  [ -1.97866093e-02  -3.66007909e-02]
  [  5.34571968e-02  -4.26519737e-02]
  [  4.92650969e-03  -6.85854405e-02]
  [  4.17163335e-02  -3.06766909e-02]
  [  1.93528105e-02   8.14632475e-02]
  [  5.47398329e-02  -8.00443999e-03]
  [ -1.33163258e-02  -4.57030758e-02]
  [ -3.50670479e-02   8.60307366e-03]
  [  2.73688808e-02  -5.05155809e-02]]

 [[  3.31254280e-03   5.39622232e-02]
  [ -1.34044066e-02  -1.03795249e-02]
  [ -4.14743163e-02   6.37080148e-02]
  [ -5.62370867e-02   4.24145125e-02]
  [ -3.92375402e-02  -8.89797062e-02]
  [  1.51977669e-02  -1.96020678e-02]
  [ -5.88664711e-02   4.51697744e-02]
  [ -2.78298147e-02  -4.10620272e-02]
  [  1.19705824e-02  -1.05220415e-02]
  [  3.33019458e-02  -1.10454746e-02]
  [  3.53368372e-02   1.25398524e-02]
  [ -1.19055901e-02   7.53634609e-03]
  [  5.62943658e-03  -5.00392765e-02]
  [  4.00239527e-02   5.49324742e-03]
  [ -3.66151184e-02   5.46986498e-02]
  [  4.88138869e-02  -2.82762293e-02]
  [  6.06319532e-02  -3.66653316e-02]
  [  9.97408945e-03   6.19626567e-02]
  [ -7.37024983e-03   2.43949704e-03]
  [ -4.54648174e-02   1.79364868e-02]
  [  4.31041047e-02   1.77321117e-02]]

 [[  3.41751166e-02   4.95370291e-03]
  [  1.54099904e-03  -4.19428200e-02]
  [ -3.94172035e-02   2.47999448e-02]
  [ -6.75361380e-02  -6.76630577e-03]
  [ -3.26518621e-03  -5.62948547e-02]
  [ -5.85309789e-02   2.15357449e-02]
  [ -6.13255166e-02  -1.40671525e-02]
  [ -1.07608121e-02  -8.82565975e-02]
  [ -5.55501394e-02  -1.01509117e-01]
  [ -2.05266755e-02   1.07878437e-02]
  [  2.14686077e-02   5.50518632e-02]
  [  1.77207161e-02  -3.27229276e-02]
  [  4.64836061e-02  -5.84510490e-02]
  [ -5.61953932e-02   3.17365527e-02]
  [  5.08561879e-02   3.92004363e-02]
  [ -6.49896543e-03  -2.20974702e-02]
  [  4.80020139e-03   2.01226631e-03]
  [  3.50221023e-02   3.42244282e-03]
  [  3.36846262e-02   4.07962352e-02]
  [ -5.90317398e-02  -4.49734144e-02]
  [ -1.43751223e-02   4.27051559e-02]]

 [[ -5.17326072e-02   3.35322730e-02]
  [  2.30395366e-02   1.98286176e-02]
  [ -1.67367756e-02   6.03212565e-02]
  [ -2.54872274e-02   2.68921442e-03]
  [  1.11171864e-02   5.23871221e-02]
  [ -1.89275816e-02  -3.32368463e-02]
  [  4.14904095e-02   1.33643784e-02]
  [ -2.43799649e-02  -8.18367526e-02]
  [ -6.55905437e-03  -6.10660613e-02]
  [  6.35794306e-04   6.65198341e-02]
  [  2.52443757e-02  -1.46843875e-02]
  [ -7.42906006e-03   4.43165132e-04]
  [ -5.38417546e-04  -6.55017421e-02]
  [ -3.43171768e-02  -1.16091846e-02]
  [ -3.05397958e-02  -4.44561802e-02]
  [  4.14447449e-02  -4.58149239e-02]
  [  4.45924215e-02  -2.54257792e-03]
  [  5.52559011e-02   7.09071383e-02]
  [ -1.15679046e-02  -6.61914200e-02]
  [  4.68630046e-02  -1.18124681e-02]
  [  5.72018698e-02  -5.00851236e-02]]

 [[  3.43752205e-02   9.28629097e-03]
  [  8.28329660e-03   2.47561815e-03]
  [  1.71565346e-03  -1.04781967e-02]
  [ -1.24215987e-02   1.26258126e-02]
  [ -1.33710317e-02  -1.72203314e-02]
  [ -4.77832742e-03  -6.70790523e-02]
  [ -7.14860335e-02  -4.14948910e-02]
  [ -2.85432562e-02  -3.99834216e-02]
  [ -3.45981680e-02  -1.03800313e-03]
  [  2.71251425e-02   9.82562602e-02]
  [ -2.64712758e-02   1.30842589e-02]
  [ -1.41756795e-02  -8.96207169e-02]
  [  8.25959817e-03  -4.18903492e-02]
  [ -4.38164733e-02  -3.83332521e-02]
  [ -4.15756665e-02   3.13544273e-02]
  [  7.25096278e-03   2.98092533e-02]
  [  4.07088734e-02  -3.82147320e-02]
  [ -2.54596327e-03   8.11621360e-03]
  [ -6.66767731e-03  -8.82569992e-04]
  [ -4.52398844e-02  -7.02347234e-02]
  [ -3.70394588e-02  -5.95169738e-02]]

 [[ -5.10205217e-02   4.05369364e-02]
  [ -6.23361729e-02  -2.23971289e-02]
  [ -8.16972833e-03   1.21072270e-02]
  [  4.34577651e-02  -2.93185301e-02]
  [  2.11812668e-02   2.04183534e-02]
  [  1.68063166e-03   6.85245090e-04]
  [ -1.55886579e-02  -1.48693528e-02]
  [  5.53223258e-03  -6.57284539e-03]
  [  2.43078321e-02  -1.36298999e-01]
  [ -3.11567001e-02  -9.24736634e-03]
  [  4.91144359e-02   7.84542114e-02]
  [  5.06449938e-02   2.13723350e-02]
  [ -1.77963898e-02  -2.50349101e-03]
  [  5.34371845e-02  -4.18052031e-03]
  [ -6.27110302e-02   3.93317491e-02]
  [  5.65296263e-02  -7.71575421e-02]
  [  6.55191019e-02  -5.94760031e-02]
  [  2.64013559e-02   7.57244751e-02]
  [  2.66008135e-02   1.68446247e-02]
  [  2.07069442e-02  -1.80521701e-02]
  [ -1.23318089e-02   2.50098519e-02]]

 [[ -2.62664463e-02  -1.61857449e-03]
  [ -4.38185483e-02  -1.10941250e-02]
  [ -4.13640738e-02   6.78168461e-02]
  [ -4.37985398e-02   5.07381819e-02]
  [ -6.03001378e-02   3.40380259e-02]
  [ -1.66867860e-03   1.88228209e-02]
  [ -4.39519472e-02   2.06134077e-02]
  [ -3.20727192e-02  -1.18595265e-01]
  [  4.55860831e-02  -1.20382741e-01]
  [ -3.01018097e-02   7.39329010e-02]
  [  2.78746523e-02   2.66584847e-02]
  [  2.93935407e-02  -1.02918008e-02]
  [ -5.00546843e-02  -5.01729064e-02]
  [  4.28134501e-02  -8.54129195e-02]
  [ -1.63499005e-02  -6.00908920e-02]
  [ -5.01905382e-02  -9.86426622e-02]
  [  1.68903556e-03   5.65867722e-02]
  [ -2.22049579e-02   1.06174111e-01]
  [ -1.90830678e-02  -4.38297577e-02]
  [ -3.25804688e-02  -8.44082460e-02]
  [  5.93739599e-02  -6.03797734e-02]]

 [[ -4.30224687e-02  -3.70239243e-02]
  [ -4.46156450e-02  -9.68013133e-04]
  [  1.50404116e-02  -1.56427710e-03]
  [ -4.81945276e-03   7.08469152e-02]
  [  2.35019159e-02  -7.55790472e-02]
  [  3.57746184e-02  -5.56045845e-02]
  [  1.79874785e-02   1.68380998e-02]
  [ -4.69476022e-02   6.78433897e-03]
  [  5.62692843e-02  -3.52179483e-02]
  [  5.72822243e-02   9.36756507e-02]
  [  4.79667000e-02   4.58491519e-02]
  [ -6.00990020e-02  -1.14951752e-01]
  [  3.42660286e-02  -4.87866215e-02]
  [  1.57062020e-02  -1.85890198e-02]
  [  3.70204821e-03   1.17759798e-02]
  [  9.76390298e-03  -3.04344129e-02]
  [  5.73301129e-02  -2.29711141e-02]
  [  4.73556258e-02   1.04247041e-01]
  [ -4.35731523e-02   2.63017928e-03]
  [  2.81246025e-02  -6.41827956e-02]
  [ -1.51581401e-02  -5.89099266e-02]]

 [[  4.12014313e-02   5.40690497e-04]
  [  4.77480032e-02   7.06008151e-02]
  [  2.77371891e-02  -5.65673318e-03]
  [ -3.03196609e-02  -2.77956221e-02]
  [ -5.50640523e-02  -6.69191033e-02]
  [ -3.34537849e-02  -6.16609640e-02]
  [  3.63278203e-03   4.94274683e-02]
  [ -4.11162060e-03   2.48503871e-03]
  [  1.72547554e-03  -7.82263651e-02]
  [  6.00253902e-02   2.07279492e-02]
  [  9.71024577e-03  -1.13737034e-02]
  [  1.45278946e-02  -1.64326448e-02]
  [ -9.23971552e-03  -8.67442694e-04]
  [  1.52848440e-03  -4.27764878e-02]
  [ -6.14018254e-02   2.76128724e-02]
  [ -5.68050854e-02  -3.54789682e-02]
  [ -6.39715756e-04  -5.96686751e-02]
  [ -8.55025090e-03   1.31225248e-03]
  [  3.71551747e-03  -3.97536857e-03]
  [  5.23134917e-02   8.62762891e-03]
  [  3.96764874e-02   2.94388551e-02]]

 [[  4.13080268e-02  -4.97357287e-02]
  [ -4.41983193e-02   3.68241668e-02]
  [  7.00377487e-03   1.35993306e-02]
  [ -7.51248468e-03   8.15005880e-03]
  [ -4.81022000e-02  -1.42222317e-02]
  [  5.71527183e-02  -2.92292405e-02]
  [ -3.78695354e-02  -1.75602864e-02]
  [ -5.90592995e-02  -6.82669953e-02]
  [ -4.13450338e-02  -1.37037516e-01]
  [  4.03352380e-02   8.15481395e-02]
  [  1.97678637e-02   6.43902048e-02]
  [  2.68944316e-02  -1.18534956e-02]
  [ -3.82687300e-02  -5.45262247e-02]
  [  3.97936180e-02   8.52973200e-03]
  [ -1.52328694e-02  -7.11519495e-02]
  [  1.27179846e-02  -4.66256440e-02]
  [  2.97127962e-02  -2.29361560e-02]
  [  2.38872715e-03   2.38338653e-02]
  [ -4.95111048e-02  -2.48966478e-02]
  [  2.90637128e-02  -5.10981418e-02]
  [ -2.65990123e-02  -2.90536657e-02]]

 [[  2.86582299e-02   4.80579436e-02]
  [ -6.67618662e-02   5.16606979e-02]
  [  6.21827412e-03   7.87877515e-02]
  [  7.11622741e-03   3.70099880e-02]
  [ -1.37966741e-02   6.84294757e-03]
  [ -3.25168520e-02  -1.06978685e-01]
  [  3.76540497e-02  -1.78210391e-03]
  [ -6.66182302e-03  -1.91530567e-02]
  [  4.96515445e-02  -1.19000368e-01]
  [ -3.73811424e-02   9.19206813e-02]
  [ -2.47041658e-02   1.22291930e-02]
  [  4.02781926e-02  -1.13347538e-01]
  [ -1.62294991e-02  -1.15581289e-01]
  [  4.22260910e-02  -5.27292304e-02]
  [ -3.40043344e-02   5.07002473e-02]
  [  1.69881731e-02  -7.42910653e-02]
  [ -1.33283893e-02  -3.74714262e-03]
  [  5.65047897e-02   1.00233294e-01]
  [ -4.62883227e-02   2.27598450e-03]
  [  4.72311899e-02  -1.10581391e-01]
  [ -4.28390205e-02   1.34313973e-02]]

 [[ -4.67477851e-02   6.37341440e-02]
  [ -1.97041668e-02   2.64816191e-02]
  [ -4.54479083e-02  -3.66214402e-02]
  [ -1.39741180e-02   4.59184051e-02]
  [  3.67658287e-02  -6.14651330e-02]
  [  2.49465220e-02  -1.32699208e-02]
  [ -1.57910101e-02   4.50552739e-02]
  [ -3.34289744e-02  -3.53847146e-02]
  [ -2.28320453e-02  -6.14372976e-02]
  [ -3.74993086e-02   6.05712049e-02]
  [ -5.51668033e-02  -8.96747597e-03]
  [  3.17110717e-02  -6.94072247e-02]
  [ -4.71065454e-02  -5.69268763e-02]
  [ -3.25985923e-02   5.63216396e-02]
  [ -4.67104390e-02  -2.73723761e-03]
  [ -1.11509291e-02  -1.15269683e-01]
  [  1.34246731e-02   4.16480470e-05]
  [  1.25664640e-02   5.31199016e-02]
  [  3.86485383e-02   1.89709254e-02]
  [  3.74666937e-02  -2.69990675e-02]
  [  1.82390418e-02   3.73173133e-02]]

 [[  1.10020451e-02   1.89527553e-02]
  [  6.96326885e-03  -2.77161635e-02]
  [  3.83134522e-02   5.00008725e-02]
  [ -2.83061396e-02   4.09943331e-03]
  [ -5.71255609e-02   5.46446703e-02]
  [ -5.72172133e-03  -2.15021707e-02]
  [  2.97886506e-02   6.24735393e-02]
  [ -2.82040406e-02  -1.45765599e-02]
  [ -4.69067618e-02  -1.15407892e-01]
  [ -1.32534401e-02   2.00893786e-02]
  [ -5.91461826e-03   5.12832925e-02]
  [  1.88249294e-02   1.67685188e-02]
  [ -4.16229255e-02  -3.58432010e-02]
  [  5.54147959e-02   1.48813426e-02]
  [  3.96690741e-02  -5.45589328e-02]
  [ -5.53407893e-02  -1.04515590e-01]
  [  2.46209092e-02  -6.70763105e-02]
  [ -4.33916152e-02   1.17797062e-01]
  [  3.18901911e-02   2.38237418e-02]
  [  6.33921893e-03  -7.23761022e-02]
  [ -2.40270216e-02  -1.85255744e-02]]

 [[ -1.11962780e-02  -1.68063380e-02]
  [  2.42540371e-02   6.29519299e-02]
  [  2.95275226e-02   2.38921940e-02]
  [ -5.27543053e-02  -2.16883211e-03]
  [ -5.09180278e-02   1.98144745e-02]
  [ -3.51857729e-02   5.43917064e-03]
  [  2.82895099e-03  -5.13679236e-02]
  [ -5.51807657e-02  -2.66869925e-02]
  [  5.12247272e-02  -5.25162965e-02]
  [ -4.96069863e-02  -5.42394910e-03]
  [  5.04996628e-02   6.99230433e-02]
  [  1.59783978e-02   4.37670434e-03]
  [  2.24078875e-02  -7.08081201e-03]
  [  2.42209770e-02  -4.90820333e-02]
  [ -1.87139190e-03   4.18773778e-02]
  [ -3.00365798e-02  -2.23470796e-02]
  [  7.64139043e-03  -5.46130054e-02]
  [  1.61802359e-02   1.29179135e-01]
  [  9.91447177e-03  -4.19424027e-02]
  [ -2.37945393e-02  -2.68864483e-02]
  [ -3.24174087e-03   9.00672004e-03]]

 [[ -4.38966490e-02  -8.18502856e-04]
  [  3.82270664e-02   6.14585914e-02]
  [  4.12892848e-02   1.09357098e-02]
  [ -1.35766082e-02   2.36169733e-02]
  [ -1.19802235e-02  -2.83804815e-02]
  [ -6.32904703e-03  -5.12066223e-02]
  [  4.68007699e-02  -2.08758898e-02]
  [ -2.67132390e-02   8.48290604e-03]
  [  5.05037010e-02  -6.14466108e-02]
  [  3.46848220e-02   7.27083758e-02]
  [ -2.66880002e-02   4.39218022e-02]
  [  2.71847025e-02  -1.22407883e-01]
  [  2.28561815e-02  -4.93898205e-02]
  [  7.62772607e-03   2.27518976e-02]
  [ -6.08340129e-02   6.97275177e-02]
  [  5.34267053e-02  -2.61020623e-02]
  [ -1.17183356e-02   1.19731696e-02]
  [ -4.20180932e-02   9.32556167e-02]
  [ -1.88624915e-02  -3.55581343e-02]
  [ -3.79649433e-03  -1.23323657e-01]
  [ -7.13759568e-03   1.42071827e-03]]

 [[ -3.77515256e-02   1.08043803e-02]
  [ -3.29268500e-02  -3.21443677e-02]
  [  3.10212877e-02  -4.98905741e-02]
  [  4.38548364e-02   5.60900830e-02]
  [ -7.85421114e-03  -3.19500789e-02]
  [  5.33714183e-02  -3.13515752e-03]
  [ -5.27360737e-02  -3.61918956e-02]
  [ -2.85975207e-02  -6.24028184e-02]
  [ -5.27296476e-02  -3.26759517e-02]
  [  6.11159205e-02   6.44845665e-02]
  [ -2.29196846e-02   1.00960135e-01]
  [  2.96609309e-02  -7.76031241e-02]
  [  4.74432707e-02  -6.45864755e-02]
  [  2.22111251e-02  -6.25142083e-02]
  [ -2.53773145e-02   3.94053943e-02]
  [ -3.02978065e-02  -7.39592388e-02]
  [  6.24856763e-02  -4.17929590e-02]
  [  5.03121242e-02   5.76590635e-02]
  [  4.33102138e-02  -1.08655710e-02]
  [  3.48520726e-02  -1.08843334e-01]
  [  4.17156555e-02   3.92811336e-02]]

 [[ -3.36436890e-02  -1.57028567e-02]
  [ -4.77834009e-02   5.33990264e-02]
  [  2.11273637e-02   8.27130454e-04]
  [ -5.53391241e-02   3.90973091e-02]
  [ -2.44301278e-03   6.95575550e-02]
  [  2.45900415e-02   3.27015040e-03]
  [ -6.95143268e-02  -4.52856608e-02]
  [  1.41715854e-02  -5.74656427e-02]
  [ -5.49542382e-02  -9.76858735e-02]
  [ -9.93363559e-03   6.53288811e-02]
  [  5.11361361e-02   4.96489033e-02]
  [  1.50191458e-02   1.48798143e-02]
  [  5.77826574e-02  -5.43969264e-03]
  [  4.93706316e-02  -6.52631298e-02]
  [ -4.18946370e-02  -2.28066090e-02]
  [  2.60395240e-02  -1.02963202e-01]
  [  1.72483735e-02  -6.27430156e-02]
  [ -3.16756056e-03   7.94286728e-02]
  [  3.25508639e-02  -4.43554111e-02]
  [ -2.05659755e-02  -1.73410121e-02]
  [ -3.27932760e-02  -2.10293550e-02]]

 [[ -2.42748540e-02  -2.13347655e-02]
  [ -2.79533002e-03   7.74477273e-02]
  [ -6.19341284e-02  -3.27364914e-02]
  [  1.60203390e-02   3.12016532e-03]
  [ -2.77164299e-02   5.24727255e-02]
  [  2.77254021e-05   1.77738275e-02]
  [ -6.39119819e-02  -1.77714005e-02]
  [  7.99479987e-03  -6.31493405e-02]
  [  2.15199180e-02  -1.05664078e-02]
  [ -1.82853155e-02   7.25818872e-02]
  [ -2.49204529e-03   5.32897823e-02]
  [  4.49978411e-02  -1.76843163e-02]
  [ -3.22711430e-02  -4.99362908e-02]
  [  5.61803505e-02   3.23619321e-02]
  [ -4.65491563e-02   3.69580872e-02]
  [  1.91249028e-02  -3.10447309e-02]
  [  2.89209001e-02  -7.12012351e-02]
  [ -9.17394366e-03   4.38305922e-02]
  [ -4.26583439e-02  -4.47789319e-02]
  [ -4.98531573e-02  -1.18895523e-01]
  [  5.70081957e-02  -2.31719892e-02]]

 [[  4.23093699e-03  -2.05332357e-02]
  [ -3.02237011e-02   7.83469900e-02]
  [ -4.10444476e-02   3.75531577e-02]
  [ -2.03878414e-02   7.18520656e-02]
  [ -3.92194055e-02   5.93762770e-02]
  [ -1.76812299e-02  -6.78706393e-02]
  [ -5.78018874e-02   3.53021808e-02]
  [ -3.45353857e-02  -6.95901141e-02]
  [ -5.76126836e-02  -1.04189657e-01]
  [  2.34616771e-02   1.92122273e-02]
  [ -4.21523722e-03   7.90920109e-02]
  [ -3.97121795e-02  -6.19385112e-03]
  [  4.73944880e-02  -9.21113417e-02]
  [  1.87415536e-02  -5.16294613e-02]
  [  8.60733911e-03  -3.91270518e-02]
  [  3.19811702e-02  -1.16468102e-01]
  [  4.89644594e-02  -7.98251331e-02]
  [  3.91034856e-02   8.65488276e-02]
  [  3.18252519e-02   1.84366386e-02]
  [  2.33269706e-02  -7.59323239e-02]
  [  3.21205035e-02  -1.95846092e-02]]

 [[ -7.01720789e-02   6.54575927e-03]
  [ -2.09184717e-02  -1.50776338e-02]
  [  2.07783412e-02   4.93692793e-03]
  [ -7.58034959e-02   5.93502410e-02]
  [ -1.22754872e-02   4.42501232e-02]
  [  1.95814334e-02  -4.57942374e-02]
  [ -4.42030430e-02   2.94960607e-02]
  [  1.96651239e-02  -2.07124259e-02]
  [ -1.59270018e-02  -9.90243852e-02]
  [  1.95132438e-02  -4.38317135e-02]
  [  5.20881303e-02   7.11230785e-02]
  [  5.70402946e-03  -6.62185550e-02]
  [ -1.38629554e-02  -5.44755235e-02]
  [ -3.52051258e-02  -2.38334648e-02]
  [  3.49495001e-02  -6.03654981e-02]
  [ -9.29812156e-03  -6.63916990e-02]
  [  4.58294339e-02  -8.88430178e-02]
  [  4.61604707e-02   7.43469521e-02]
  [ -1.11718634e-02  -4.02014516e-02]
  [  1.37950154e-03  -4.73884679e-02]
  [  4.68287505e-02  -2.28627715e-02]]

 [[ -2.77724713e-02   8.49500000e-02]
  [ -7.75241181e-02   3.63929421e-02]
  [  2.90114470e-02  -3.50228548e-02]
  [ -5.98312803e-02   1.44046787e-02]
  [ -4.27218080e-02   4.42315191e-02]
  [ -4.63933647e-02   2.50304062e-02]
  [  2.70163827e-03   3.99340950e-02]
  [ -4.42119241e-02  -1.08660189e-02]
  [ -3.73975448e-02   1.46201355e-02]
  [  1.09855477e-02  -3.43005098e-02]
  [  2.55652498e-02   5.02073904e-04]
  [ -6.09217631e-03  -4.48905453e-02]
  [  3.27946432e-02  -9.31217968e-02]
  [ -3.99139300e-02  -4.04380746e-02]
  [  2.89636292e-02  -3.59812789e-02]
  [  3.47893946e-02  -7.35232979e-02]
  [  1.30539946e-02  -5.68494275e-02]
  [  1.59406066e-02   4.14790725e-03]
  [ -1.84048084e-04   3.30798998e-02]
  [ -2.30862014e-02  -8.83068666e-02]
  [  1.74221657e-02  -2.24177297e-02]]]
[[[ -4.47310172e-02   1.50847610e-03]
  [  4.27547321e-02  -6.83466792e-02]
  [  4.69547026e-02  -9.05366018e-02]
  [  4.01301719e-02  -1.21356808e-02]
  [ -1.33858602e-02  -3.62913385e-02]
  [  2.62460597e-02  -9.35863629e-02]
  [  5.00581674e-02   2.04844084e-02]
  [  5.08446433e-02   1.25032708e-01]
  [  4.03899141e-02  -7.71320909e-02]
  [ -4.57994000e-04  -1.63561162e-02]
  [  3.66202649e-03  -1.23154018e-02]
  [  3.14522535e-02  -6.76918253e-02]
  [  2.95690577e-02  -6.23430125e-03]
  [ -4.79469933e-02   9.06086713e-02]
  [  2.60300878e-02   8.85734856e-02]
  [  3.16732153e-02   2.26601493e-02]
  [  2.96505168e-02   3.08509059e-02]
  [  4.08090316e-02  -1.83689520e-02]
  [ -2.16142572e-02  -4.03323583e-03]
  [ -3.31435204e-02   7.94993043e-02]
  [ -2.05913186e-02  -8.13098252e-03]]

 [[ -3.42293531e-02  -3.13900635e-02]
  [ -6.43445132e-03  -1.19442858e-01]
  [ -1.83415934e-02  -1.13358662e-01]
  [  3.02841477e-02   2.38968413e-02]
  [ -4.93445136e-02  -7.10052028e-02]
  [  5.99967092e-02  -9.01106298e-02]
  [  6.81650639e-02   8.01057294e-02]
  [  5.40092662e-02   1.44055644e-02]
  [  5.19705862e-02  -1.20733686e-01]
  [  6.45935014e-02  -3.83325182e-02]
  [  1.43903610e-03   8.20554867e-02]
  [ -5.28075472e-02   3.33864503e-02]
  [ -2.92372797e-02  -1.13564013e-02]
  [  7.17423707e-02   7.47076124e-02]
  [  1.53804878e-02   2.29799785e-02]
  [  5.46382256e-02   6.21301448e-03]
  [ -3.85320373e-02  -3.41284871e-02]
  [ -3.89064476e-02   4.02957648e-02]
  [  5.27411047e-03   1.98392849e-02]
  [  9.45738889e-03   8.34832117e-02]
  [ -2.83488929e-02   7.44805858e-02]]

 [[  1.70670282e-02   1.93537818e-03]
  [ -2.12864252e-03  -2.82796193e-02]
  [  3.59004028e-02  -1.03787802e-01]
  [ -3.45602445e-03  -4.57261540e-02]
  [ -5.54147027e-02  -4.62500267e-02]
  [  1.49096986e-02  -1.77268028e-01]
  [  5.49597330e-02   9.55825089e-04]
  [ -1.08379787e-02   7.78328255e-02]
  [ -5.27744740e-02  -7.95996785e-02]
  [  4.75711236e-03  -5.65032475e-02]
  [  6.14857450e-02   5.04783764e-02]
  [ -5.43220602e-02  -2.82106772e-02]
  [ -4.17287052e-02  -4.17107120e-02]
  [  1.81488525e-02   8.31084102e-02]
  [ -3.69616710e-02   7.74522498e-02]
  [  2.98296148e-03   5.59162498e-02]
  [  1.46843009e-02   5.82063459e-02]
  [  2.20322032e-02   4.15479019e-02]
  [  5.08533530e-02   2.46728212e-02]
  [  1.83965657e-02   6.75715655e-02]
  [  1.67316590e-02   3.37256044e-02]]

 [[ -2.69370433e-02   4.17397097e-02]
  [  3.87044693e-03  -5.47060110e-02]
  [  4.32066247e-02  -7.18253329e-02]
  [  4.42952886e-02  -1.06823100e-02]
  [ -7.13325515e-02  -5.63838892e-02]
  [ -3.79263125e-02  -1.80501223e-01]
  [  7.58056194e-02   5.19898534e-02]
  [  2.34811567e-02   1.30155832e-01]
  [  2.21193898e-02  -1.08271785e-01]
  [  7.92061165e-03  -8.16687271e-02]
  [  4.90633212e-02   4.95392717e-02]
  [ -5.39466776e-02   4.76624677e-03]
  [ -5.50302677e-02  -3.40198651e-02]
  [  3.96211781e-02   4.81014512e-02]
  [ -2.47359499e-02  -6.65102806e-03]
  [  4.50337343e-02  -3.08363922e-02]
  [  3.00407968e-02   4.85195853e-02]
  [ -2.81788446e-02  -9.13505536e-03]
  [ -4.16442044e-02  -2.43096631e-02]
  [  1.83024425e-02  -2.58602798e-02]
  [  6.94573624e-03  -5.95506839e-03]]

 [[ -2.73089428e-02   4.34502847e-02]
  [ -5.71671277e-02  -2.89093051e-02]
  [ -1.58100929e-02  -9.52568501e-02]
  [ -7.15826522e-04  -2.78154444e-02]
  [ -6.33188039e-02  -9.91910249e-02]
  [ -2.73624118e-02  -1.30629092e-01]
  [  5.73227592e-02   1.22995405e-02]
  [  1.21829351e-02   9.94663984e-02]
  [ -3.38326171e-02  -7.45646209e-02]
  [ -9.66956094e-03  -7.81789646e-02]
  [  1.89976450e-02   9.79151279e-02]
  [  2.27873791e-02  -6.77954331e-02]
  [  3.35188173e-02   1.71707533e-02]
  [ -2.65567983e-03   8.90431926e-02]
  [  2.37985384e-02   5.37450351e-02]
  [  3.29104178e-02  -5.86329103e-02]
  [ -4.33357283e-02   1.00727743e-02]
  [ -4.03917916e-02   3.45636383e-02]
  [  3.43783945e-02   4.90301587e-02]
  [ -9.99923423e-03   6.47742450e-02]
  [ -3.05378553e-03   1.92568079e-02]]

 [[ -6.34572431e-02  -2.69662663e-02]
  [ -3.04102004e-02  -7.51589239e-02]
  [  1.15336245e-02  -5.13072237e-02]
  [  3.38220820e-02  -4.28286791e-02]
  [ -5.44815287e-02  -4.65732664e-02]
  [  2.50288285e-02  -1.45333111e-01]
  [  6.56692162e-02   3.98453362e-02]
  [  2.19333488e-02   1.14974074e-01]
  [ -3.25863585e-02  -9.60345119e-02]
  [  4.01601493e-02  -6.72958270e-02]
  [  2.71939486e-02   3.62689979e-02]
  [ -2.81598568e-02  -5.68653829e-02]
  [ -3.41323242e-02  -5.67776933e-02]
  [  4.11942117e-02   6.89698309e-02]
  [ -5.22194020e-02   7.22213760e-02]
  [  3.55741195e-02   4.52294610e-02]
  [ -1.03786411e-02  -4.73780232e-03]
  [  8.59294366e-03  -1.62056682e-03]
  [  2.86638178e-02  -3.43024003e-04]
  [ -2.20480673e-02  -1.16802184e-02]
  [ -3.43084782e-02  -2.66599911e-03]]

 [[ -2.64778957e-02  -5.18660657e-02]
  [  1.16309430e-02  -1.04149692e-01]
  [ -2.26953458e-02  -1.43998154e-02]
  [  3.70093361e-02  -1.08529478e-02]
  [ -5.43246344e-02  -9.77334455e-02]
  [ -2.08603963e-02  -1.15126565e-01]
  [ -2.32644156e-02   8.48936848e-03]
  [  3.95456031e-02   1.39181897e-01]
  [ -8.32387432e-03  -1.06514268e-01]
  [ -2.02127006e-02  -1.53265195e-02]
  [ -6.33579073e-03   1.02744274e-01]
  [ -2.77752373e-02  -6.78359047e-02]
  [ -2.76794452e-02  -4.07775119e-02]
  [  4.56283689e-02   1.07683443e-01]
  [ -9.32910293e-03   6.94331229e-02]
  [ -3.59565802e-02  -4.26502265e-02]
  [  4.09169309e-02  -1.69049297e-02]
  [ -4.25762273e-02   3.77576426e-03]
  [  3.01939715e-02   4.67393063e-02]
  [ -4.52933758e-02  -3.92423104e-03]
  [  3.13837044e-02   2.75741257e-02]]

 [[ -4.48505543e-02   3.63016203e-02]
  [ -4.67832200e-02  -1.16932243e-01]
  [ -3.56604680e-02   1.02445837e-02]
  [ -5.81388213e-02  -1.69176497e-02]
  [  2.10415944e-03  -6.39156625e-02]
  [  2.20710598e-02  -5.28973714e-02]
  [  1.34656345e-02   9.48943868e-02]
  [  5.39617017e-02   1.15504809e-01]
  [ -4.18408960e-02  -1.69903442e-01]
  [  3.33249010e-03  -7.70796388e-02]
  [  2.97235157e-02   1.49322031e-02]
  [ -9.47088189e-03  -1.76092759e-02]
  [  3.46831344e-02   1.14529496e-02]
  [  5.25363199e-02   1.11733742e-01]
  [ -3.45103368e-02   9.26051736e-02]
  [ -4.05264199e-02  -2.37925723e-02]
  [  4.83470969e-02   9.26743262e-03]
  [ -6.03634911e-03   5.08311801e-02]
  [ -2.40610950e-02   1.85114592e-02]
  [  4.03706320e-02   5.68464771e-02]
  [  8.03598762e-03   6.97331280e-02]]

 [[ -6.24473579e-02   3.81731875e-02]
  [ -2.06302367e-02  -1.14257611e-01]
  [ -2.77563706e-02   1.45195667e-02]
  [ -3.54494266e-02  -2.72898916e-02]
  [ -7.00941160e-02  -4.76215873e-03]
  [  3.79446968e-02  -5.00865690e-02]
  [  5.63006327e-02   6.30401373e-02]
  [  1.02403015e-02   9.19958875e-02]
  [ -2.09576450e-02  -7.80649111e-02]
  [ -2.93756779e-02  -1.12788714e-02]
  [  6.07588254e-02   1.25845566e-01]
  [ -4.26336601e-02  -1.14551885e-02]
  [  3.51263322e-02  -8.02283138e-02]
  [ -2.09319609e-04   6.68951273e-02]
  [  2.09334143e-03   2.14331262e-02]
  [  2.25159358e-02  -7.98227824e-03]
  [ -4.08793613e-02   3.43548022e-02]
  [  4.12206315e-02  -2.80626640e-02]
  [ -4.16556299e-02   1.06511578e-01]
  [ -1.55582726e-02   5.54716960e-02]
  [ -6.08490631e-02   9.46818292e-03]]

 [[  3.94399883e-03   3.53696831e-02]
  [ -4.35404256e-02  -1.69541258e-02]
  [ -1.85638927e-02  -3.38148810e-02]
  [  2.84331897e-03  -4.63441238e-02]
  [  2.82900389e-02  -1.28469793e-02]
  [ -2.63664988e-03  -1.36457935e-01]
  [  6.81008250e-02   1.83090456e-02]
  [ -2.92834975e-02   1.14318445e-01]
  [  1.09290211e-02  -1.84480086e-01]
  [ -2.15111058e-02  -6.95733652e-02]
  [ -3.55000533e-02   4.97280098e-02]
  [ -5.07993810e-02  -5.34926122e-03]
  [  2.58195680e-02  -3.46962586e-02]
  [  2.87786534e-04   5.59894182e-02]
  [ -4.28663492e-02   8.71011466e-02]
  [ -1.83023028e-02   5.44003248e-02]
  [  3.57495621e-02   8.38790089e-03]
  [ -4.10756208e-02   7.92995766e-02]
  [ -4.67539839e-02   1.93795934e-02]
  [  1.93372797e-02  -1.82932764e-02]
  [  7.38416193e-03   4.58021834e-03]]

 [[  1.36665851e-02  -5.67800105e-02]
  [  4.12181094e-02  -8.13748762e-02]
  [ -7.98907410e-03   2.93673072e-02]
  [ -1.32724904e-02  -6.37843087e-02]
  [ -4.72728871e-02  -8.48809332e-02]
  [  6.59999251e-02  -5.65027036e-02]
  [ -2.74553727e-02  -2.39630044e-03]
  [  1.62135400e-02   4.32236195e-02]
  [ -1.71394926e-02  -1.09455742e-01]
  [  7.44058378e-03   2.38314848e-02]
  [  3.50811817e-02   4.49537747e-02]
  [  3.77260037e-02  -3.20254900e-02]
  [  3.03594321e-02  -1.02048144e-02]
  [ -3.97741348e-02   8.92976969e-02]
  [ -4.68790196e-02   6.80486336e-02]
  [  3.07364780e-02   3.67429145e-02]
  [  2.17998326e-02  -4.95050214e-02]
  [  8.13631527e-03   1.31639130e-02]
  [  2.84550954e-02   2.56399927e-03]
  [ -2.73279417e-02  -4.20809425e-02]
  [  3.54986042e-02   2.89466418e-02]]

 [[ -4.15546335e-02   2.94727292e-02]
  [ -2.80048233e-02  -1.43669471e-02]
  [ -4.60431278e-02   1.23745734e-02]
  [  4.86758025e-03  -6.07046578e-03]
  [ -4.34450619e-02  -8.72644782e-02]
  [  6.98302388e-02  -5.42603321e-02]
  [  6.46355003e-02   7.00847828e-04]
  [ -6.05517998e-02   1.17704801e-01]
  [ -6.30908683e-02  -4.39508520e-02]
  [  3.67226712e-02   3.03606056e-02]
  [ -6.84246887e-03   2.72125266e-02]
  [ -1.86052043e-02  -3.54048274e-02]
  [ -2.51377076e-02  -1.07629783e-01]
  [  2.26625130e-02   1.78342797e-02]
  [ -4.02237736e-02   3.13462429e-02]
  [ -7.99088273e-03   1.78463161e-02]
  [ -6.00156114e-02   4.39735427e-02]
  [ -5.46097457e-02   4.87639979e-02]
  [  2.70371605e-02   4.13999110e-02]
  [  3.34240608e-02  -3.59785929e-02]
  [  4.86662015e-02   6.57416061e-02]]

 [[  2.00851746e-02  -2.92795710e-02]
  [  6.35745302e-02  -2.54015364e-02]
  [  2.45234347e-03   3.23575810e-02]
  [ -1.85119323e-02  -6.08244091e-02]
  [ -6.57141805e-02  -1.24733625e-02]
  [ -2.39853021e-02  -7.60581866e-02]
  [  3.01107150e-02   2.98937578e-02]
  [ -8.08424130e-03   9.73395407e-02]
  [ -4.74010482e-02  -1.52715757e-01]
  [ -1.43460436e-02  -3.98671292e-02]
  [ -4.86102439e-02   1.21214293e-01]
  [  5.60617819e-03  -7.16410577e-02]
  [ -1.19096525e-02  -2.38329191e-02]
  [  3.21664102e-03   7.23025948e-02]
  [  5.41659407e-02   6.33470565e-02]
  [  1.05365012e-02   2.68687010e-02]
  [ -2.37314571e-02   4.38672230e-02]
  [ -7.95644987e-03   6.18413091e-03]
  [  3.19950618e-02   9.95172337e-02]
  [ -1.62313897e-02  -3.85527983e-02]
  [ -4.25455235e-02  -1.45534780e-02]]

 [[  4.54125777e-02   2.56956578e-03]
  [  4.06713560e-02  -7.87877068e-02]
  [  2.79293153e-02  -5.93638904e-02]
  [ -5.78439943e-02  -7.65324011e-02]
  [ -5.89786246e-02  -4.68164198e-02]
  [  1.39394216e-02  -1.16485864e-01]
  [ -3.72667355e-03   7.79499561e-02]
  [  4.60335687e-02   1.13216855e-01]
  [  4.48977947e-02  -1.51793048e-01]
  [  1.51809379e-02   1.44929327e-02]
  [  4.79670689e-02   7.43707120e-02]
  [ -3.69998217e-02   9.61358100e-03]
  [  1.81702394e-02  -9.60088298e-02]
  [ -3.73281687e-02   4.35995907e-02]
  [  1.46026453e-02   7.39902854e-02]
  [  5.07169738e-02   2.96018105e-02]
  [  2.09488124e-02   1.08538410e-02]
  [  1.55598447e-02   7.65200481e-02]
  [ -6.02959655e-02   7.03857988e-02]
  [ -4.45249602e-02   1.25248423e-02]
  [  4.86870343e-03  -1.35653196e-02]]

 [[  2.41533276e-02   3.01900804e-02]
  [ -4.37293611e-02   2.82483967e-03]
  [  6.17551915e-02  -1.34710185e-02]
  [  6.26049982e-03  -6.92593753e-02]
  [  3.63474526e-02  -1.06639385e-01]
  [  5.75605184e-02  -1.21710055e-01]
  [  5.32755116e-03   4.91105093e-05]
  [ -2.30132062e-02   9.23352018e-02]
  [  1.85524523e-02  -3.47644538e-02]
  [  6.34364858e-02   5.55499233e-02]
  [ -4.18065786e-02   1.10377610e-01]
  [  3.47861415e-03  -1.16771139e-01]
  [ -6.09224848e-03  -1.18242666e-01]
  [ -2.95161288e-02   7.64595494e-02]
  [ -3.72797437e-02   1.94184463e-02]
  [ -1.10562583e-02   2.76912772e-03]
  [  4.63278871e-03   9.36388411e-03]
  [ -2.59904359e-02   9.86195076e-03]
  [  4.32968438e-02   9.26154256e-02]
  [  1.47455530e-02   3.83907296e-02]
  [  2.03515086e-02   5.53478077e-02]]

 [[  2.44565774e-02  -5.96890524e-02]
  [  1.10966200e-03  -1.20270951e-02]
  [  3.35183814e-02   3.26096155e-02]
  [  2.00178716e-02  -1.64327454e-02]
  [ -8.45892169e-03  -6.24523386e-02]
  [  6.62769601e-02  -9.55453515e-02]
  [ -9.47331730e-03   8.72093216e-02]
  [ -5.32378107e-02  -1.46856532e-02]
  [  4.20796834e-02  -1.10277936e-01]
  [ -3.00449017e-03   2.32637841e-02]
  [  4.30244692e-02   7.94650465e-02]
  [ -5.71823195e-02  -8.12859461e-02]
  [  3.00085191e-02  -1.00889988e-01]
  [  5.03023863e-02   1.90864578e-02]
  [  1.93533078e-02   2.29978412e-02]
  [ -7.35796988e-03   4.66026925e-02]
  [ -5.17673828e-02   7.35007823e-02]
  [  4.73142229e-03   9.76559445e-02]
  [  1.85410921e-02  -1.47996712e-02]
  [  2.44764872e-02   3.36737521e-02]
  [ -5.18556125e-02  -4.15554047e-02]]

 [[ -1.58493798e-02  -1.12703908e-02]
  [ -1.42063890e-02  -3.43109854e-02]
  [  4.08748025e-03   3.32018845e-02]
  [ -1.46611326e-03  -7.18453825e-02]
  [  3.78971621e-02  -1.71901546e-02]
  [  8.21840689e-02  -2.84485202e-02]
  [  5.69449663e-02   4.00103293e-02]
  [ -5.48215061e-02  -3.53914388e-02]
  [  4.73467298e-02  -6.92500919e-02]
  [ -1.90015603e-02  -4.75086384e-02]
  [  6.54503284e-03   3.54376920e-02]
  [  3.90361026e-02  -4.54806052e-02]
  [  2.65653972e-02   2.41155494e-02]
  [ -2.74465643e-02   5.76261319e-02]
  [ -1.29239513e-02   8.65648612e-02]
  [ -5.60261030e-03  -2.46682893e-02]
  [ -3.75748090e-02   6.71607926e-02]
  [ -5.07077836e-02  -5.41195692e-03]
  [ -1.89237576e-02   2.88971737e-02]
  [ -1.38525544e-02   3.00405677e-02]
  [ -2.63997857e-02   7.41233751e-02]]

 [[ -4.69385795e-02  -1.45049896e-02]
  [  2.32431833e-02  -2.05526929e-02]
  [ -3.34980115e-02  -1.45362306e-03]
  [  4.37984355e-02  -7.79646784e-02]
  [ -2.69297324e-03   1.25310719e-02]
  [  1.95756182e-02  -6.89793378e-02]
  [ -1.27238631e-02   8.11122283e-02]
  [ -5.58690913e-02  -1.00722713e-02]
  [ -6.08833460e-03  -8.69916975e-02]
  [  3.04607525e-02   7.00637400e-02]
  [  3.62426601e-02   7.90185109e-02]
  [  1.18565909e-03   1.23707233e-02]
  [ -6.46080310e-03  -8.19773972e-02]
  [  2.90283840e-02  -3.31891477e-02]
  [ -9.21751780e-04  -1.13581587e-02]
  [ -1.38814813e-02  -5.12525626e-02]
  [  3.83265056e-02  -1.90556943e-02]
  [ -2.63272710e-02   8.30063447e-02]
  [  4.05016169e-02   4.53061759e-02]
  [  1.53504992e-02   2.01258976e-02]
  [ -5.01961783e-02  -2.34752064e-04]]

 [[  4.96634282e-02   2.80378032e-02]
  [ -3.98941152e-02  -6.44371286e-02]
  [  5.20611182e-02   4.43041995e-02]
  [  4.42400537e-02  -7.67547637e-02]
  [  1.93317682e-02  -9.94874835e-02]
  [ -9.45153739e-03  -4.72767279e-02]
  [  2.98081320e-02   5.16252080e-03]
  [  1.73118070e-03  -4.70681712e-02]
  [  4.95706424e-02  -7.86069930e-02]
  [  3.88701186e-02   5.53345270e-02]
  [ -4.39034477e-02   5.30523956e-02]
  [  1.25479698e-02  -1.05194472e-01]
  [  4.82665673e-02  -7.35634044e-02]
  [ -1.34561975e-02   2.36940365e-02]
  [ -2.92957090e-02   7.22360983e-02]
  [ -4.79069874e-02   2.32603624e-02]
  [  5.63522754e-03   2.82214414e-02]
  [  4.89987023e-02   3.60855162e-02]
  [  4.87727821e-02   5.13235778e-02]
  [ -1.32943476e-02  -5.16958311e-02]
  [ -2.78867371e-02   6.45746961e-02]]

 [[  3.62929329e-02  -5.42779639e-02]
  [  2.95384787e-02   1.86102074e-02]
  [  4.54708934e-02  -6.43212646e-02]
  [ -5.31461313e-02  -6.83461651e-02]
  [ -1.16182314e-02  -4.14280295e-02]
  [ -8.53438955e-03  -6.58391267e-02]
  [  3.36432755e-02   5.48400134e-02]
  [ -1.02109471e-02   4.17666472e-02]
  [  2.24029534e-02  -4.12246361e-02]
  [ -2.36694068e-02   8.60018358e-02]
  [ -2.75121573e-02   8.49628747e-02]
  [  4.91419397e-02  -3.05393827e-04]
  [  2.77073868e-02  -5.95618635e-02]
  [  5.40635549e-02   9.50842164e-03]
  [ -6.07452937e-04   5.93779981e-02]
  [ -3.86790335e-02  -4.19953512e-03]
  [  3.29525545e-02  -7.57905794e-03]
  [  2.71504764e-02   3.02931741e-02]
  [  5.42809851e-02   1.54875433e-02]
  [ -5.99921532e-02   6.02281503e-02]
  [ -2.12482661e-02  -1.90547444e-02]]

 [[  9.14169848e-03  -5.69818169e-02]
  [ -1.88305341e-02  -4.19204608e-02]
  [  3.83080691e-02   1.35855386e-02]
  [  4.80096377e-02  -3.35671306e-02]
  [  2.53115012e-03  -6.60374612e-02]
  [  6.59485906e-02   3.02013643e-02]
  [  4.76322956e-02   6.49601370e-02]
  [  4.61518802e-02  -6.99555874e-02]
  [  5.91593198e-02  -1.56507511e-02]
  [  6.30130665e-03   3.48753445e-02]
  [  4.62813377e-02   2.39573941e-02]
  [  4.06366810e-02  -1.23544382e-02]
  [ -4.13466431e-02  -4.53014858e-02]
  [ -4.04103734e-02  -1.49033070e-02]
  [  3.55402641e-02   6.02133833e-02]
  [ -1.53094605e-02   3.68616655e-02]
  [  7.60941440e-03   6.34072796e-02]
  [ -2.89771482e-02   6.16897456e-02]
  [ -5.96739165e-02   1.97532717e-02]
  [  4.83650081e-02   4.93879542e-02]
  [ -2.37472425e-03   5.34699336e-02]]]
