[[[ 0.19368589]
  [ 0.21430734]
  [-0.16681167]
  [ 0.00555813]
  [-0.10524306]]

 [[-0.17225921]
  [-0.20545395]
  [-0.11685187]
  [ 0.31425619]
  [-0.16533451]]

 [[-0.18919733]
  [-0.06900141]
  [ 0.25647929]
  [ 0.15500282]
  [-0.25493351]]

 [[-0.24598897]
  [-0.0816889 ]
  [ 0.08729903]
  [ 0.26173091]
  [ 0.06738029]]

 [[-0.19434343]
  [ 0.01313441]
  [ 0.04963727]
  [ 0.11961782]
  [-0.2078249 ]]]
[[[ 0.05799603]
  [ 0.22814098]
  [ 0.10523622]
  [-0.16442184]
  [-0.00595898]]

 [[-0.1038881 ]
  [-0.20982721]
  [ 0.1007526 ]
  [ 0.03357661]
  [ 0.14910701]]

 [[-0.32427534]
  [-0.01264194]
  [ 0.26367453]
  [ 0.14773469]
  [ 0.10363235]]

 [[-0.30998248]
  [ 0.21708475]
  [ 0.08788338]
  [-0.1223617 ]
  [-0.19551086]]

 [[-0.12078555]
  [ 0.09188086]
  [ 0.05776763]
  [-0.12816595]
  [ 0.24055658]]]
